0,0.25357770919799805,39.5644645690918,0.24660974740982056,1.398138403892517
1,0.2696459889411926,1.3870614767074585,0.2365645468235016,1.404388427734375
2,0.2996484935283661,1.3650892972946167,0.31190356612205505,1.3587075471878052
3,0.3990710377693176,1.2250117063522339,0.40934205055236816,1.1533340215682983
4,0.4248054325580597,1.1418631076812744,0.4138623774051666,1.160471796989441
5,0.45405474305152893,1.0763258934020996,0.405826210975647,1.1361793279647827
6,0.4836806356906891,1.026712417602539,0.4414866864681244,1.0756902694702148
7,0.5118001699447632,0.9877017736434937,0.4786539375782013,1.0302696228027344
8,0.5177002549171448,0.9691267609596252,0.4791561961174011,1.0174254179000854
9,0.5888777375221252,0.8703458309173584,0.6343545913696289,0.7815226912498474
10,0.6885513663291931,0.6954688429832458,0.7036665081977844,0.6773474216461182
11,0.7333667874336243,0.5827935934066772,0.564540445804596,0.9518797993659973
12,0.7063770890235901,0.668156087398529,0.522350549697876,1.05302894115448
13,0.6398443579673767,0.783441424369812,0.7127071619033813,0.68510502576828
14,0.8065528273582458,0.4250761866569519,0.8101456761360168,0.42497718334198
15,0.8319106101989746,0.3718140423297882,0.7689602971076965,0.5285193920135498
16,0.8542555570602417,0.31872567534446716,0.8267202377319336,0.3921797573566437
17,0.8622897267341614,0.32290852069854736,0.819688618183136,0.4031875431537628
18,0.8776048421859741,0.27991360425949097,0.8161727786064148,0.3981477618217468
19,0.8964348435401917,0.24376316368579865,0.8206931352615356,0.409949392080307
20,0.888024091720581,0.28140583634376526,0.8493219614028931,0.3417390286922455
21,0.9294501543045044,0.17815719544887543,0.8628829717636108,0.3135799169540405
22,0.9409992694854736,0.1473524272441864,0.8824711441993713,0.30354100465774536
23,0.9519206881523132,0.1268351525068283,0.8719236850738525,0.3662101626396179
24,0.8300276398658752,0.4401458501815796,0.7780010104179382,0.5270652770996094
25,0.8894049525260925,0.27270951867103577,0.8749372363090515,0.3118036687374115
26,0.9451418519020081,0.14041279256343842,0.8930186033248901,0.2936345934867859
27,0.9570675492286682,0.11765697598457336,0.8965343832969666,0.25376206636428833
28,0.9708762168884277,0.07937690615653992,0.8945253491401672,0.35459989309310913
29,0.9681144952774048,0.09188377857208252,0.8658965229988098,0.389092355966568
30,0.9576951861381531,0.12172132730484009,0.8739327192306519,0.3922812342643738
31,0.95041424036026,0.13968804478645325,0.9025615453720093,0.32257890701293945
32,0.9546824097633362,0.12288973480463028,0.9010547399520874,0.30290719866752625
33,0.9519206881523132,0.1271665245294571,0.8407835364341736,0.4175039529800415
34,0.9600803256034851,0.10446889698505402,0.9126067161560059,0.28514814376831055
35,0.9821742177009583,0.04790471866726875,0.933199405670166,0.26016032695770264
36,0.9819231629371643,0.057832181453704834,0.9166247844696045,0.28925374150276184
37,0.9946020841598511,0.01887146197259426,0.9181315898895264,0.2866600751876831
38,0.9981169700622559,0.007611277047544718,0.9316926002502441,0.30917707085609436
39,0.9983680844306946,0.005875091999769211,0.9291813373565674,0.3270317018032074
40,0.9938488602638245,0.018020713701844215,0.8940231204032898,0.40417876839637756


Report:
customized CNN - size 60x80  model_028.h5
78/78 [==============================] - 7s 91ms/step - loss: 0.7643 - accuracy: 0.8158
Keras CNN #1C - accuracy: 0.8158423900604248


 
